# * INTENSITY STEADY STATE * 
#
# file generated by ** ns_ISS.H ** 
#
# ------------- 
# ome (eV)	Ome	|p1|²	|p2|²	|p3|²	N
#
  1.8     	0          	0          	0          	0          	1          	0          
  1.8018  	0          	0          	0          	0          	1          	0          
  1.8036  	0          	0          	0          	0          	1          	0          
  1.8054  	0          	0          	0          	0          	1          	0          
  1.8072  	0          	0          	0          	0          	1          	0          
  1.809   	0          	0          	0          	0          	1          	0          
  1.8108  	0          	0          	0          	0          	1          	0          
  1.8126  	0          	0          	0          	0          	1          	0          
  1.8144  	0          	0          	0          	0          	1          	0          
  1.8162  	0          	0          	0          	0          	1          	0          
  1.818   	0          	0          	0          	0          	1          	0          
  1.8198  	0          	0          	0          	0          	1          	0          
  1.8216  	0          	0          	0          	0          	1          	0          
  1.8234  	0          	0          	0          	0          	1          	0          
  1.8252  	0          	0          	0          	0          	1          	0          
  1.827   	0          	0          	0          	0          	1          	0          
  1.8288  	0          	0          	0          	0          	1          	0          
  1.8306  	0          	0          	0          	0          	1          	0          
  1.8324  	0          	0          	0          	0          	1          	0          
  1.8342  	0          	0          	0          	0          	1          	0          
  1.836   	0          	0          	0          	0          	1          	0          
  1.8378  	0          	0          	0          	0          	1          	0          
  1.8396  	0          	0          	0          	0          	1          	0          
  1.8414  	0          	0          	0          	0          	1          	0          
  1.8432  	0          	0          	0          	0          	1          	0          
  1.845   	0          	0          	0          	0          	1          	0          
  1.8468  	0          	0          	0          	0          	1          	0          
  1.8486  	0          	0          	0          	0          	1          	0          
  1.8504  	0          	0          	0          	0          	1          	0          
  1.8522  	0          	0          	0          	0          	1          	0          
  1.854   	0          	0          	0          	0          	1          	0          
  1.8558  	0          	0          	0          	0          	1          	0          
  1.8576  	0          	0          	0          	0          	1          	0          
  1.8594  	0          	0          	0          	0          	1          	0          
  1.8612  	0          	0          	0          	0          	1          	0          
  1.863   	0          	0          	0          	0          	1          	0          
  1.8648  	0          	0          	0          	0          	1          	0          
  1.8666  	0          	0          	0          	0          	1          	0          
  1.8684  	0          	0          	0          	0          	1          	0          
  1.8702  	0          	0          	0          	0          	1          	0          
  1.872   	0          	0          	0          	0          	1          	0          
  1.8738  	0          	0          	0          	0          	1          	0          
  1.8756  	0          	0          	0          	0          	1          	0          
  1.8774  	0          	0          	0          	0          	1          	0          
  1.8792  	0          	0          	0          	0          	1          	0          
  1.881   	0          	0          	0          	0          	1          	0          
  1.8828  	0          	0          	0          	0          	1          	0          
  1.8846  	0          	0          	0          	0          	1          	0          
  1.8864  	0          	0          	0          	0          	1          	0          
  1.8882  	0          	0          	0          	0          	1          	0          
  1.89    	0          	0          	0          	0          	1          	0          
  1.8918  	0          	0          	0          	0          	1          	0          
  1.8936  	0          	0          	0          	0          	1          	0          
  1.8954  	0          	0          	0          	0          	1          	0          
  1.8972  	0          	0          	0          	0          	1          	0          
  1.899   	0          	0          	0          	0          	1          	0          
  1.9008  	0          	0          	0          	0          	1          	0          
  1.9026  	0          	0          	0          	0          	1          	0          
  1.9044  	0          	0          	0          	0          	1          	0          
  1.9062  	0          	0          	0          	0          	1          	0          
  1.908   	0          	0          	0          	0          	1          	0          
  1.9098  	0          	0          	0          	0          	1          	0          
  1.9116  	0          	0          	0          	0          	1          	0          
  1.9134  	0          	0          	0          	0          	1          	0          
  1.9152  	0          	0          	0          	0          	1          	0          
  1.917   	0          	0          	0          	0          	1          	0          
  1.9188  	0          	0          	0          	0          	1          	0          
  1.9206  	0          	0          	0          	0          	1          	0          
  1.9224  	0          	0          	0          	0          	1          	0          
  1.9242  	0          	0          	0          	0          	1          	0          
  1.926   	0          	0          	0          	0          	1          	0          
  1.9278  	0          	0          	0          	0          	1          	0          
  1.9296  	0          	0          	0          	0          	1          	0          
  1.9314  	0          	0          	0          	0          	1          	0          
  1.9332  	0          	0          	0          	0          	1          	0          
  1.935   	0          	0          	0          	0          	1          	0          
  1.9368  	0          	0          	0          	0          	1          	0          
  1.9386  	0          	0          	0          	0          	1          	0          
  1.9404  	0          	0          	0          	0          	1          	0          
  1.9422  	0          	0          	0          	0          	1          	0          
  1.944   	0          	0          	0          	0          	1          	0          
  1.9458  	0          	0          	0          	0          	1          	0          
  1.9476  	0          	0          	0          	0          	1          	0          
  1.9494  	0          	0          	0          	0          	1          	0          
  1.9512  	0          	0          	0          	0          	1          	0          
  1.953   	0          	0          	0          	0          	1          	0          
  1.9548  	0          	0          	0          	0          	1          	0          
  1.9566  	0          	0          	0          	0          	1          	0          
  1.9584  	0          	0          	0          	0          	1          	0          
  1.9602  	0          	0          	0          	0          	1          	0          
  1.962   	0          	0          	0          	0          	1          	0          
  1.9638  	0          	0          	0          	0          	1          	0          
  1.9656  	0          	0          	0          	0          	1          	0          
  1.9674  	0          	0          	0          	0          	1          	0          
  1.9692  	0          	0          	0          	0          	1          	0          
  1.971   	0          	0          	0          	0          	1          	0          
  1.9728  	0          	0          	0          	0          	1          	0          
  1.9746  	0          	0          	0          	0          	1          	0          
  1.9764  	0          	0          	0          	0          	1          	0          
  1.9782  	0          	0          	0          	0          	1          	0          
  1.98    	0          	0          	0          	0          	1          	0          
  1.9818  	0          	0          	0          	0          	1          	0          
  1.9836  	0          	0          	0          	0          	1          	0          
  1.9854  	0          	0          	0          	0          	1          	0          
  1.9872  	0          	0          	0          	0          	1          	0          
  1.989   	0          	0          	0          	0          	1          	0          
  1.9908  	0          	0          	0          	0          	1          	0          
  1.9926  	0          	0          	0          	0          	1          	0          
  1.9944  	0          	0          	0          	0          	1          	0          
  1.9962  	0          	0          	0          	0          	1          	0          
  1.998   	0          	0          	0          	0          	1          	0          
  1.9998  	0          	0          	0          	0          	1          	0          
  2.0016  	0          	0          	0          	0          	1          	0          
  2.0034  	0          	0          	0          	0          	1          	0          
  2.0052  	0          	0          	0          	0          	1          	0          
  2.007   	0          	0          	0          	0          	1          	0          
  2.0088  	0          	0          	0          	0          	1          	0          
  2.0106  	0          	0          	0          	0          	1          	0          
  2.0124  	0          	0          	0          	0          	1          	0          
  2.0142  	0          	0          	0          	0          	1          	0          
  2.016   	0          	0          	0          	0          	1          	0          
  2.0178  	0          	0          	0          	0          	1          	0          
  2.0196  	0          	0          	0          	0          	1          	0          
  2.0214  	0          	0          	0          	0          	1          	0          
  2.0232  	0          	0          	0          	0          	1          	0          
  2.025   	0          	0          	0          	0          	1          	0          
  2.0268  	0          	0          	0          	0          	1          	0          
  2.0286  	0          	0          	0          	0          	1          	0          
  2.0304  	0          	0          	0          	0          	1          	0          
  2.0322  	0          	0          	0          	0          	1          	0          
  2.034   	0          	0          	0          	0          	1          	0          
  2.0358  	0          	0          	0          	0          	1          	0          
  2.0376  	0          	0          	0          	0          	1          	0          
  2.0394  	0          	0          	0          	0          	1          	0          
  2.0412  	0          	0          	0          	0          	1          	0          
  2.043   	0          	0          	0          	0          	1          	0          
  2.0448  	0          	0          	0          	0          	1          	0          
  2.0466  	0          	0          	0          	0          	1          	0          
  2.0484  	0          	0          	0          	0          	1          	0          
  2.0502  	0          	0          	0          	0          	1          	0          
  2.052   	0          	0          	0          	0          	1          	0          
  2.0538  	0          	0          	0          	0          	1          	0          
  2.0556  	0          	0          	0          	0          	1          	0          
  2.0574  	0          	0          	0          	0          	1          	0          
  2.0592  	0          	0          	0          	0          	1          	0          
  2.061   	0          	0          	0          	0          	1          	0          
  2.0628  	0          	0          	0          	0          	1          	0          
  2.0646  	0          	0          	0          	0          	1          	0          
  2.0664  	0          	0          	0          	0          	1          	0          
  2.0682  	0          	0          	0          	0          	1          	0          
  2.07    	0          	0          	0          	0          	1          	0          
  2.0718  	0          	0          	0          	0          	1          	0          
  2.0736  	0          	0          	0          	0          	1          	0          
  2.0754  	0          	0          	0          	0          	1          	0          
  2.0772  	0          	0          	0          	0          	1          	0          
  2.079   	0          	0          	0          	0          	1          	0          
  2.0808  	0          	0          	0          	0          	1          	0          
  2.0826  	0          	0          	0          	0          	1          	0          
  2.0844  	0          	0          	0          	0          	1          	0          
  2.0862  	0          	0          	0          	0          	1          	0          
  2.088   	0          	0          	0          	0          	1          	0          
  2.0898  	0          	0          	0          	0          	1          	0          
  2.0916  	0          	0          	0          	0          	1          	0          
  2.0934  	0          	0          	0          	0          	1          	0          
  2.0952  	0          	0          	0          	0          	1          	0          
  2.097   	0          	0          	0          	0          	1          	0          
  2.0988  	0          	0          	0          	0          	1          	0          
  2.1006  	0          	0          	0          	0          	1          	0          
  2.1024  	0          	0          	0          	0          	1          	0          
  2.1042  	0          	0          	0          	0          	1          	0          
  2.106   	0          	0          	0          	0          	1          	0          
  2.1078  	0          	0          	0          	0          	1          	0          
  2.1096  	0          	0          	0          	0          	1          	0          
  2.1114  	0          	0          	0          	0          	1          	0          
  2.1132  	0          	0          	0          	0          	1          	0          
  2.115   	0          	0          	0          	0          	1          	0          
  2.1168  	0          	0          	0          	0          	1          	0          
  2.1186  	0          	0          	0          	0          	1          	0          
  2.1204  	0          	0          	0          	0          	1          	0          
  2.1222  	0          	0          	0          	0          	1          	0          
  2.124   	0          	0          	0          	0          	1          	0          
  2.1258  	0          	0          	0          	0          	1          	0          
  2.1276  	0          	0          	0          	0          	1          	0          
  2.1294  	0          	0          	0          	0          	1          	0          
  2.1312  	0          	0          	0          	0          	1          	0          
  2.133   	0          	0          	0          	0          	1          	0          
  2.1348  	0          	0          	0          	0          	1          	0          
  2.1366  	0          	0          	0          	0          	1          	0          
  2.1384  	0          	0          	0          	0          	1          	0          
  2.1402  	0          	0          	0          	0          	1          	0          
  2.142   	0          	0          	0          	0          	1          	0          
  2.1438  	0          	0          	0          	0          	1          	0          
  2.1456  	0          	0          	0          	0          	1          	0          
  2.1474  	0          	0          	0          	0          	1          	0          
  2.1492  	0          	0          	0          	0          	1          	0          
  2.151   	0          	0          	0          	0          	1          	0          
  2.1528  	0          	0          	0          	0          	1          	0          
  2.1546  	0          	0          	0          	0          	1          	0          
  2.1564  	0          	0          	0          	0          	1          	0          
  2.1582  	0          	0          	0          	0          	1          	0          
  2.16    	0          	0          	0          	0          	1          	0          
  2.1618  	0          	0          	0          	0          	1          	0          
  2.1636  	0          	0          	0          	0          	1          	0          
  2.1654  	0          	0          	0          	0          	1          	0          
  2.1672  	0          	0          	0          	0          	1          	0          
  2.169   	0          	0          	0          	0          	1          	0          
  2.1708  	0          	0          	0          	0          	1          	0          
  2.1726  	0          	0          	0          	0          	1          	0          
  2.1744  	0          	0          	0          	0          	1          	0          
  2.1762  	0          	0          	0          	0          	1          	0          
  2.178   	0          	0          	0          	0          	1          	0          
  2.1798  	0          	0          	0          	0          	1          	0          
  2.1816  	0          	0          	0          	0          	1          	0          
  2.1834  	0          	0          	0          	0          	1          	0          
  2.1852  	0          	0          	0          	0          	1          	0          
  2.187   	0          	0          	0          	0          	1          	0          
  2.1888  	0          	0          	0          	0          	1          	0          
  2.1906  	0          	0          	0          	0          	1          	0          
  2.1924  	0          	0          	0          	0          	1          	0          
  2.1942  	0          	0          	0          	0          	1          	0          
  2.196   	0          	0          	0          	0          	1          	0          
  2.1978  	0          	0          	0          	0          	1          	0          
  2.1996  	0          	0          	0          	0          	1          	0          
  2.2014  	0          	0          	0          	0          	1          	0          
  2.2032  	0          	0          	0          	0          	1          	0          
  2.205   	0          	0          	0          	0          	1          	0          
  2.2068  	0          	0          	0          	0          	1          	0          
  2.2086  	0          	0          	0          	0          	1          	0          
  2.2104  	0          	0          	0          	0          	1          	0          
  2.2122  	0          	0          	0          	0          	1          	0          
  2.214   	0          	0          	0          	0          	1          	0          
  2.2158  	0          	0          	0          	0          	1          	0          
  2.2176  	0          	0          	0          	0          	1          	0          
  2.2194  	0          	0          	0          	0          	1          	0          
  2.2212  	0          	0          	0          	0          	1          	0          
  2.223   	0          	0          	0          	0          	1          	0          
  2.2248  	0          	0          	0          	0          	1          	0          
  2.2266  	0          	0          	0          	0          	1          	0          
  2.2284  	0          	0          	0          	0          	1          	0          
  2.2302  	0          	0          	0          	0          	1          	0          
  2.232   	0          	0          	0          	0          	1          	0          
  2.2338  	0          	0          	0          	0          	1          	0          
  2.2356  	0          	0          	0          	0          	1          	0          
  2.2374  	0          	0          	0          	0          	1          	0          
  2.2392  	0          	0          	0          	0          	1          	0          
  2.241   	0          	0          	0          	0          	1          	0          
  2.2428  	0          	0          	0          	0          	1          	0          
  2.2446  	0          	0          	0          	0          	1          	0          
  2.2464  	0          	0          	0          	0          	1          	0          
  2.2482  	0          	0          	0          	0          	1          	0          
  2.25    	0          	0          	0          	0          	1          	0          
  2.2518  	0          	0          	0          	0          	1          	0          
  2.2536  	0          	0          	0          	0          	1          	0          
  2.2554  	0          	0          	0          	0          	1          	0          
  2.2572  	0          	0          	0          	0          	1          	0          
  2.259   	0          	0          	0          	0          	1          	0          
  2.2608  	0          	0          	0          	0          	1          	0          
  2.2626  	0          	0          	0          	0          	1          	0          
  2.2644  	0          	0          	0          	0          	1          	0          
  2.2662  	0          	0          	0          	0          	1          	0          
  2.268   	0          	0          	0          	0          	1          	0          
  2.2698  	0          	0          	0          	0          	1          	0          
  2.2716  	0          	0          	0          	0          	1          	0          
  2.2734  	0          	0          	0          	0          	1          	0          
  2.2752  	0          	0          	0          	0          	1          	0          
  2.277   	0          	0          	0          	0          	1          	0          
  2.2788  	0          	0          	0          	0          	1          	0          
  2.2806  	0          	0          	0          	0          	1          	0          
  2.2824  	0          	0          	0          	0          	1          	0          
  2.2842  	0          	0          	0          	0          	1          	0          
  2.286   	0          	0          	0          	0          	1          	0          
  2.2878  	0          	0          	0          	0          	1          	0          
  2.2896  	0          	0          	0          	0          	1          	0          
  2.2914  	0          	0          	0          	0          	1          	0          
  2.2932  	0          	0          	0          	0          	1          	0          
  2.295   	0          	0          	0          	0          	1          	0          
  2.2968  	0          	0          	0          	0          	1          	0          
  2.2986  	0          	0          	0          	0          	1          	0          
  2.3004  	0          	0          	0          	0          	1          	0          
  2.3022  	0          	0          	0          	0          	1          	0          
  2.304   	0          	0          	0          	0          	1          	0          
  2.3058  	0          	0          	0          	0          	1          	0          
  2.3076  	0          	0          	0          	0          	1          	0          
  2.3094  	0          	0          	0          	0          	1          	0          
  2.3112  	0          	0          	0          	0          	1          	0          
  2.313   	0          	0          	0          	0          	1          	0          
  2.3148  	0          	0          	0          	0          	1          	0          
  2.3166  	0          	0          	0          	0          	1          	0          
  2.3184  	0          	0          	0          	0          	1          	0          
  2.3202  	0          	0          	0          	0          	1          	0          
  2.322   	0          	0          	0          	0          	1          	0          
  2.3238  	0          	0          	0          	0          	1          	0          
  2.3256  	0          	0          	0          	0          	1          	0          
  2.3274  	0          	0          	0          	0          	1          	0          
  2.3292  	0          	0          	0          	0          	1          	0          
  2.331   	0          	0          	0          	0          	1          	0          
  2.3328  	0          	0          	0          	0          	1          	0          
  2.3346  	0          	0          	0          	0          	1          	0          
  2.3364  	0          	0          	0          	0          	1          	0          
  2.3382  	0          	0          	0          	0          	1          	0          
  2.34    	0          	0          	0          	0          	1          	0          
  2.3418  	0          	0          	0          	0          	1          	0          
  2.3436  	0          	0          	0          	0          	1          	0          
  2.3454  	0          	0          	0          	0          	1          	0          
  2.3472  	0          	0          	0          	0          	1          	0          
  2.349   	0          	0          	0          	0          	1          	0          
  2.3508  	0          	0          	0          	0          	1          	0          
  2.3526  	0          	0          	0          	0          	1          	0          
  2.3544  	0          	0          	0          	0          	1          	0          
  2.3562  	0          	0          	0          	0          	1          	0          
  2.358   	0          	0          	0          	0          	1          	0          
  2.3598  	0          	0          	0          	0          	1          	0          
  2.3616  	0          	0          	0          	0          	1          	0          
  2.3634  	0          	0          	0          	0          	1          	0          
  2.3652  	0          	0          	0          	0          	1          	0          
  2.367   	0          	0          	0          	0          	1          	0          
  2.3688  	0          	0          	0          	0          	1          	0          
  2.3706  	0          	0          	0          	0          	1          	0          
  2.3724  	0          	0          	0          	0          	1          	0          
  2.3742  	0          	0          	0          	0          	1          	0          
  2.376   	0          	0          	0          	0          	1          	0          
  2.3778  	0          	0          	0          	0          	1          	0          
  2.3796  	0          	0          	0          	0          	1          	0          
  2.3814  	0          	0          	0          	0          	1          	0          
  2.3832  	0          	0          	0          	0          	1          	0          
  2.385   	0          	0          	0          	0          	1          	0          
  2.3868  	-0.457485  	5.89523e-07	3.87067e-07	8.13893e-07	0.999831   	-0.393555  
  2.3886  	-0.455394  	1.07598e-05	7.06342e-06	1.48546e-05	0.996913   	-0.392046  
  2.3904  	-0.453305  	2.07912e-05	1.36463e-05	2.87028e-05	0.994037   	-0.390535  
  2.3922  	-0.451217  	3.06851e-05	2.01368e-05	4.23606e-05	0.991201   	-0.389023  
  2.394   	-0.449131  	4.0443e-05 	2.65358e-05	5.58298e-05	0.988405   	-0.387509  
  2.3958  	-0.447046  	5.00662e-05	3.28443e-05	6.91125e-05	0.985649   	-0.385994  
  2.3976  	-0.444963  	5.95562e-05	3.90633e-05	8.22105e-05	0.982932   	-0.384477  
  2.3994  	-0.442881  	6.89142e-05	4.51938e-05	9.51259e-05	0.980254   	-0.382959  
  2.4012  	-0.440801  	7.81417e-05	5.12366e-05	0.00010786 	0.977615   	-0.381439  
  2.403   	-0.438722  	8.724e-05  	5.71929e-05	0.000120416	0.975013   	-0.379918  
  2.4048  	-0.436645  	9.62104e-05	6.30634e-05	0.000132795	0.972449   	-0.378395  
  2.4066  	-0.434569  	0.000105054	6.88491e-05	0.000144998	0.969922   	-0.376871  
  2.4084  	-0.432495  	0.000113773	7.45511e-05	0.000157028	0.967433   	-0.375345  
  2.4102  	-0.430422  	0.000122368	8.01701e-05	0.000168887	0.964979   	-0.373818  
  2.412   	-0.428351  	0.000130841	8.57071e-05	0.000180576	0.962561   	-0.372289  
  2.4138  	-0.426281  	0.000139192	9.1163e-05 	0.000192097	0.960179   	-0.370759  
  2.4156  	-0.424212  	0.000147423	9.65387e-05	0.000203452	0.957832   	-0.369228  
  2.4174  	-0.422146  	0.000155536	0.000101835	0.000214643	0.95552    	-0.367694  
  2.4192  	-0.42008   	0.000163531	0.000107053	0.000225671	0.953243   	-0.36616   
  2.421   	-0.418016  	0.00017141 	0.000112193	0.000236538	0.950999   	-0.364624  
  2.4228  	-0.415953  	0.000179174	0.000117257	0.000247247	0.948789   	-0.363087  
  2.4246  	-0.413892  	0.000186825	0.000122245	0.000257798	0.946612   	-0.361548  
  2.4264  	-0.411833  	0.000194363	0.000127158	0.000268194	0.944468   	-0.360007  
  2.4282  	-0.409774  	0.00020179 	0.000131997	0.000278436	0.942356   	-0.358466  
  2.43    	-0.407718  	0.000209108	0.000136763	0.000288526	0.940277   	-0.356922  
  2.4318  	-0.405662  	0.000216316	0.000141456	0.000298466	0.938229   	-0.355378  
  2.4336  	-0.403609  	0.000223417	0.000146078	0.000308257	0.936213   	-0.353831  
  2.4354  	-0.401556  	0.000230412	0.000150628	0.0003179  	0.934228   	-0.352284  
  2.4372  	-0.399505  	0.000237301	0.000155109	0.000327398	0.932273   	-0.350735  
  2.439   	-0.397455  	0.000244086	0.000159521	0.000336753	0.930349   	-0.349185  
  2.4408  	-0.395407  	0.000250769	0.000163864	0.000345965	0.928454   	-0.347633  
  2.4426  	-0.393361  	0.00025735 	0.00016814 	0.000355037	0.926589   	-0.346079  
  2.4444  	-0.391315  	0.000263831	0.000172349	0.000363969	0.924754   	-0.344525  
  2.4462  	-0.389272  	0.000270212	0.000176492	0.000372764	0.922947   	-0.342968  
  2.448   	-0.387229  	0.000276495	0.00018057 	0.000381424	0.921169   	-0.341411  
  2.4498  	-0.385188  	0.000282681	0.000184584	0.000389949	0.919419   	-0.339852  
  2.4516  	-0.383148  	0.000288771	0.000188534	0.000398341	0.917697   	-0.338292  
  2.4534  	-0.38111   	0.000294766	0.000192421	0.000406603	0.916002   	-0.33673   
  2.4552  	-0.379073  	0.000300667	0.000196246	0.000414734	0.914335   	-0.335167  
  2.457   	-0.377038  	0.000306475	0.000200009	0.000422738	0.912694   	-0.333602  
  2.4588  	-0.375004  	0.000312192	0.000203712	0.000430614	0.91108    	-0.332036  
  2.4606  	-0.372972  	0.000317819	0.000207355	0.000438366	0.909492   	-0.330468  
  2.4624  	-0.37094   	0.000323355	0.000210938	0.000445994	0.907931   	-0.3289    
  2.4642  	-0.368911  	0.000328804	0.000214464	0.0004535  	0.906394   	-0.327329  
  2.466   	-0.366882  	0.000334165	0.000217931	0.000460885	0.904883   	-0.325758  
  2.4678  	-0.364855  	0.00033944 	0.000221341	0.00046815 	0.903397   	-0.324185  
  2.4696  	-0.36283   	0.000344629	0.000224696	0.000475298	0.901936   	-0.32261   
  2.4714  	-0.360806  	0.000349734	0.000227994	0.00048233 	0.900499   	-0.321034  
  2.4732  	-0.358783  	0.000354756	0.000231237	0.000489246	0.899086   	-0.319457  
  2.475   	-0.356761  	0.000359696	0.000234427	0.000496049	0.897697   	-0.317879  
  2.4768  	-0.354741  	0.000364554	0.000237562	0.000502739	0.896331   	-0.316299  
  2.4786  	-0.352723  	0.000369333	0.000240645	0.000509319	0.894988   	-0.314717  
  2.4804  	-0.350705  	0.000374031	0.000243675	0.000515789	0.893669   	-0.313135  
  2.4822  	-0.348689  	0.000378652	0.000246654	0.000522151	0.892371   	-0.311551  
  2.484   	-0.346675  	0.000383195	0.000249582	0.000528406	0.891097   	-0.309965  
  2.4858  	-0.344662  	0.000387662	0.00025246 	0.000534555	0.889844   	-0.308378  
  2.4876  	-0.34265   	0.000392053	0.000255288	0.000540601	0.888612   	-0.30679   
  2.4894  	-0.340639  	0.00039637 	0.000258067	0.000546543	0.887402   	-0.305201  
  2.4912  	-0.33863   	0.000400614	0.000260797	0.000552384	0.886214   	-0.30361   
  2.493   	-0.336623  	0.000404785	0.00026348 	0.000558125	0.885046   	-0.302017  
  2.4948  	-0.334616  	0.000408884	0.000266116	0.000563767	0.883899   	-0.300424  
  2.4966  	-0.332611  	0.000412912	0.000268705	0.000569311	0.882772   	-0.298829  
  2.4984  	-0.330608  	0.00041687 	0.000271249	0.000574758	0.881665   	-0.297232  
  2.5002  	-0.328605  	0.00042076 	0.000273747	0.000580111	0.880578   	-0.295635  
  2.502   	-0.326604  	0.000424581	0.0002762  	0.000585369	0.87951    	-0.294036  
  2.5038  	-0.324605  	0.000428335	0.00027861 	0.000590535	0.878462   	-0.292435  
  2.5056  	-0.322606  	0.000432023	0.000280976	0.000595609	0.877432   	-0.290834  
  2.5074  	-0.32061   	0.000435646	0.000283299	0.000600592	0.876422   	-0.28923   
  2.5092  	-0.318614  	0.000439203	0.00028558 	0.000605487	0.87543    	-0.287626  
  2.511   	-0.31662   	0.000442698	0.000287819	0.000610293	0.874456   	-0.28602   
  2.5128  	-0.314627  	0.000446129	0.000290016	0.000615013	0.8735     	-0.284413  
  2.5146  	-0.312635  	0.000449498	0.000292174	0.000619647	0.872562   	-0.282805  
  2.5164  	-0.310645  	0.000452806	0.000294291	0.000624197	0.871641   	-0.281195  
  2.5182  	-0.308656  	0.000456053	0.000296368	0.000628663	0.870737   	-0.279584  
  2.52    	-0.306668  	0.000459241	0.000298407	0.000633047	0.869851   	-0.277972  
  2.5218  	-0.304682  	0.00046237 	0.000300408	0.00063735 	0.868981   	-0.276358  
  2.5236  	-0.302697  	0.000465441	0.00030237 	0.000641573	0.868128   	-0.274743  
  2.5254  	-0.300713  	0.000468455	0.000304295	0.000645718	0.867291   	-0.273127  
  2.5272  	-0.298731  	0.000471413	0.000306183	0.000649784	0.866471   	-0.271509  
  2.529   	-0.29675   	0.000474315	0.000308035	0.000653774	0.865666   	-0.26989   
  2.5308  	-0.29477   	0.000477162	0.000309852	0.000657688	0.864876   	-0.26827   
  2.5326  	-0.292792  	0.000479955	0.000311633	0.000661527	0.864102   	-0.266648  
  2.5344  	-0.290815  	0.000482695	0.000313379	0.000665293	0.863344   	-0.265025  
  2.5362  	-0.288839  	0.000485382	0.000315091	0.000668987	0.8626     	-0.263401  
  2.538   	-0.286864  	0.000488018	0.00031677 	0.000672609	0.861871   	-0.261776  
  2.5398  	-0.284891  	0.000490602	0.000318415	0.000676161	0.861156   	-0.260149  
  2.5416  	-0.282919  	0.000493136	0.000320027	0.000679643	0.860456   	-0.258521  
  2.5434  	-0.280949  	0.000495621	0.000321607	0.000683057	0.859769   	-0.256891  
  2.5452  	-0.278979  	0.000498056	0.000323155	0.000686404	0.859097   	-0.255261  
  2.547   	-0.277011  	0.000500444	0.000324672	0.000689684	0.858438   	-0.253629  
  2.5488  	-0.275045  	0.000502784	0.000326159	0.000692899	0.857793   	-0.251995  
  2.5506  	-0.273079  	0.000505077	0.000327614	0.000696049	0.857161   	-0.250361  
  2.5524  	-0.271115  	0.000507324	0.00032904 	0.000699136	0.856542   	-0.248725  
  2.5542  	-0.269152  	0.000509526	0.000330437	0.00070216 	0.855936   	-0.247088  
  2.556   	-0.26719   	0.000511683	0.000331804	0.000705123	0.855342   	-0.24545   
  2.5578  	-0.26523   	0.000513796	0.000333143	0.000708025	0.854761   	-0.24381   
  2.5596  	-0.263271  	0.000515866	0.000334454	0.000710868	0.854192   	-0.242169  
  2.5614  	-0.261313  	0.000517893	0.000335737	0.000713651	0.853636   	-0.240527  
  2.5632  	-0.259357  	0.000519878	0.000336993	0.000716377	0.853091   	-0.238883  
  2.565   	-0.257401  	0.000521822	0.000338222	0.000719045	0.852558   	-0.237239  
  2.5668  	-0.255447  	0.000523725	0.000339424	0.000721658	0.852036   	-0.235593  
  2.5686  	-0.253494  	0.000525587	0.000340601	0.000724215	0.851526   	-0.233946  
  2.5704  	-0.251543  	0.000527411	0.000341752	0.000726717	0.851026   	-0.232297  
  2.5722  	-0.249593  	0.000529195	0.000342878	0.000729167	0.850538   	-0.230647  
  2.574   	-0.247644  	0.000530941	0.000343979	0.000731563	0.850061   	-0.228996  
  2.5758  	-0.245696  	0.00053265 	0.000345056	0.000733908	0.849594   	-0.227344  
  2.5776  	-0.24375   	0.000534321	0.000346109	0.000736201	0.849137   	-0.22569   
  2.5794  	-0.241804  	0.000535956	0.000347139	0.000738445	0.848691   	-0.224036  
  2.5812  	-0.23986   	0.000537555	0.000348145	0.000740639	0.848255   	-0.22238   
  2.583   	-0.237918  	0.000539119	0.000349129	0.000742785	0.847828   	-0.220722  
  2.5848  	-0.235976  	0.000540649	0.00035009 	0.000744883	0.847412   	-0.219064  
  2.5866  	-0.234036  	0.000542144	0.00035103 	0.000746933	0.847005   	-0.217404  
  2.5884  	-0.232097  	0.000543605	0.000351947	0.000748938	0.846607   	-0.215743  
  2.5902  	-0.230159  	0.000545034	0.000352844	0.000750897	0.846219   	-0.214081  
  2.592   	-0.228223  	0.00054643 	0.000353719	0.000752812	0.84584    	-0.212417  
  2.5938  	-0.226287  	0.000547795	0.000354574	0.000754683	0.84547    	-0.210753  
  2.5956  	-0.224353  	0.000549128	0.000355409	0.000756511	0.845108   	-0.209087  
  2.5974  	-0.22242   	0.00055043 	0.000356224	0.000758296	0.844755   	-0.20742   
  2.5992  	-0.220489  	0.000551702	0.00035702 	0.000760039	0.844411   	-0.205751  
  2.601   	-0.218558  	0.000552944	0.000357796	0.000761742	0.844075   	-0.204082  
  2.6028  	-0.216629  	0.000554157	0.000358554	0.000763405	0.843747   	-0.202411  
  2.6046  	-0.214701  	0.000555341	0.000359293	0.000765028	0.843427   	-0.200739  
  2.6064  	-0.212775  	0.000556498	0.000360015	0.000766612	0.843115   	-0.199065  
  2.6082  	-0.210849  	0.000557626	0.000360718	0.000768158	0.842811   	-0.197391  
  2.61    	-0.208925  	0.000558727	0.000361404	0.000769667	0.842514   	-0.195715  
  2.6118  	-0.207002  	0.000559802	0.000362073	0.000771139	0.842225   	-0.194038  
  2.6136  	-0.20508   	0.00056085 	0.000362725	0.000772575	0.841943   	-0.19236   
  2.6154  	-0.203159  	0.000561873	0.000363361	0.000773975	0.841668   	-0.190681  
  2.6172  	-0.201239  	0.00056287 	0.00036398 	0.000775341	0.8414     	-0.189001  
  2.619   	-0.199321  	0.000563842	0.000364584	0.000776672	0.841139   	-0.187319  
  2.6208  	-0.197404  	0.000564791	0.000365172	0.000777971	0.840885   	-0.185636  
  2.6226  	-0.195488  	0.000565715	0.000365745	0.000779236	0.840638   	-0.183952  
  2.6244  	-0.193574  	0.000566616	0.000366302	0.000780469	0.840397   	-0.182266  
  2.6262  	-0.19166   	0.000567494	0.000366845	0.000781671	0.840162   	-0.18058   
  2.628   	-0.189748  	0.000568349	0.000367374	0.000782841	0.839934   	-0.178892  
  2.6298  	-0.187837  	0.000569182	0.000367889	0.000783981	0.839712   	-0.177203  
  2.6316  	-0.185927  	0.000569994	0.00036839 	0.000785092	0.839495   	-0.175513  
  2.6334  	-0.184018  	0.000570784	0.000368877	0.000786173	0.839285   	-0.173822  
  2.6352  	-0.18211   	0.000571554	0.000369351	0.000787226	0.839081   	-0.17213   
  2.637   	-0.180204  	0.000572303	0.000369812	0.00078825 	0.838882   	-0.170436  
  2.6388  	-0.178299  	0.000573032	0.00037026 	0.000789247	0.838688   	-0.168741  
  2.6406  	-0.176395  	0.000573742	0.000370696	0.000790217	0.8385     	-0.167045  
  2.6424  	-0.174492  	0.000574432	0.00037112 	0.000791161	0.838318   	-0.165348  
  2.6442  	-0.17259   	0.000575104	0.000371532	0.000792079	0.83814    	-0.16365   
  2.646   	-0.17069   	0.000575757	0.000371932	0.000792972	0.837968   	-0.16195   
  2.6478  	-0.16879   	0.000576392	0.00037232 	0.00079384 	0.8378     	-0.16025   
  2.6496  	-0.166892  	0.000577009	0.000372698	0.000794683	0.837638   	-0.158548  
  2.6514  	-0.164995  	0.000577609	0.000373064	0.000795503	0.83748    	-0.156845  
  2.6532  	-0.1631    	0.000578193	0.00037342 	0.0007963  	0.837327   	-0.15514   
  2.655   	-0.161205  	0.000578759	0.000373765	0.000797074	0.837178   	-0.153435  
  2.6568  	-0.159311  	0.00057931 	0.0003741  	0.000797825	0.837034   	-0.151729  
  2.6586  	-0.157419  	0.000579844	0.000374425	0.000798555	0.836894   	-0.150021  
  2.6604  	-0.155528  	0.000580364	0.00037474 	0.000799264	0.836758   	-0.148312  
  2.6622  	-0.153638  	0.000580868	0.000375046	0.000799952	0.836627   	-0.146602  
  2.664   	-0.151749  	0.000581357	0.000375342	0.000800619	0.836499   	-0.144891  
  2.6658  	-0.149861  	0.000581832	0.00037563 	0.000801267	0.836376   	-0.143179  
  2.6676  	-0.147974  	0.000582292	0.000375908	0.000801895	0.836256   	-0.141466  
  2.6694  	-0.146089  	0.000582739	0.000376178	0.000802505	0.83614    	-0.139751  
  2.6712  	-0.144205  	0.000583172	0.000376439	0.000803096	0.836028   	-0.138035  
  2.673   	-0.142322  	0.000583592	0.000376691	0.000803668	0.83592    	-0.136318  
  2.6748  	-0.14044   	0.000583999	0.000376936	0.000804223	0.835815   	-0.1346    
  2.6766  	-0.138559  	0.000584394	0.000377173	0.000804761	0.835713   	-0.132881  
  2.6784  	-0.136679  	0.000584776	0.000377402	0.000805282	0.835615   	-0.131161  
  2.6802  	-0.1348    	0.000585147	0.000377624	0.000805786	0.83552    	-0.12944   
  2.682   	-0.132923  	0.000585505	0.000377838	0.000806275	0.835428   	-0.127717  
  2.6838  	-0.131046  	0.000585853	0.000378045	0.000806748	0.835339   	-0.125994  
  2.6856  	-0.129171  	0.000586189	0.000378245	0.000807205	0.835253   	-0.124269  
  2.6874  	-0.127297  	0.000586514	0.000378439	0.000807648	0.83517    	-0.122543  
  2.6892  	-0.125424  	0.000586829	0.000378626	0.000808076	0.83509    	-0.120816  
  2.691   	-0.123552  	0.000587133	0.000378806	0.00080849 	0.835013   	-0.119088  
  2.6928  	-0.121682  	0.000587427	0.00037898 	0.00080889 	0.834939   	-0.117358  
  2.6946  	-0.119812  	0.000587712	0.000379148	0.000809277	0.834867   	-0.115628  
  2.6964  	-0.117943  	0.000587987	0.00037931 	0.000809651	0.834797   	-0.113897  
  2.6982  	-0.116076  	0.000588252	0.000379467	0.000810012	0.834731   	-0.112164  
  2.7     	-0.11421   	0.000588509	0.000379618	0.000810361	0.834666   	-0.11043   
  2.7018  	-0.112345  	0.000588757	0.000379763	0.000810697	0.834604   	-0.108695  
  2.7036  	-0.110481  	0.000588996	0.000379903	0.000811022	0.834544   	-0.106959  
  2.7054  	-0.108618  	0.000589227	0.000380038	0.000811336	0.834487   	-0.105222  
  2.7072  	-0.106756  	0.000589449	0.000380168	0.000811638	0.834431   	-0.103484  
  2.709   	-0.104895  	0.000589664	0.000380293	0.00081193 	0.834378   	-0.101745  
  2.7108  	-0.103035  	0.000589871	0.000380413	0.000812211	0.834327   	-0.100005  
  2.7126  	-0.101177  	0.000590071	0.000380529	0.000812481	0.834277   	-0.0982631 
  2.7144  	-0.0993195 	0.000590263	0.00038064 	0.000812742	0.83423    	-0.0965205 
  2.7162  	-0.0974631 	0.000590449	0.000380747	0.000812994	0.834184   	-0.0947769 
  2.718   	-0.0956079 	0.000590627	0.00038085 	0.000813236	0.834141   	-0.0930321 
  2.7198  	-0.0937537 	0.000590799	0.000380949	0.000813469	0.834099   	-0.0912863 
  2.7216  	-0.0919006 	0.000590965	0.000381044	0.000813693	0.834058   	-0.0895394 
  2.7234  	-0.0900487 	0.000591124	0.000381135	0.000813908	0.83402    	-0.0877913 
  2.7252  	-0.0881978 	0.000591277	0.000381222	0.000814115	0.833983   	-0.0860422 
  2.727   	-0.086348  	0.000591424	0.000381306	0.000814314	0.833947   	-0.084292  
  2.7288  	-0.0844993 	0.000591566	0.000381386	0.000814506	0.833913   	-0.0825407 
  2.7306  	-0.0826516 	0.000591702	0.000381463	0.00081469 	0.83388    	-0.0807884 
  2.7324  	-0.0808051 	0.000591832	0.000381537	0.000814866	0.833849   	-0.0790349 
  2.7342  	-0.0789596 	0.000591957	0.000381608	0.000815035	0.833819   	-0.0772804 
  2.736   	-0.0771152 	0.000592078	0.000381675	0.000815198	0.833791   	-0.0755248 
  2.7378  	-0.0752718 	0.000592193	0.00038174 	0.000815353	0.833763   	-0.0737682 
  2.7396  	-0.0734296 	0.000592303	0.000381802	0.000815503	0.833737   	-0.0720104 
  2.7414  	-0.0715884 	0.000592409	0.000381861	0.000815646	0.833712   	-0.0702516 
  2.7432  	-0.0697482 	0.000592511	0.000381917	0.000815782	0.833689   	-0.0684918 
  2.745   	-0.0679092 	0.000592608	0.000381971	0.000815913	0.833666   	-0.0667308 
  2.7468  	-0.0660712 	0.000592701	0.000382022	0.000816039	0.833644   	-0.0649688 
  2.7486  	-0.0642343 	0.00059279 	0.000382072	0.000816158	0.833624   	-0.0632057 
  2.7504  	-0.0623984 	0.000592875	0.000382118	0.000816273	0.833604   	-0.0614416 
  2.7522  	-0.0605636 	0.000592956	0.000382163	0.000816382	0.833585   	-0.0596764 
  2.754   	-0.0587298 	0.000593033	0.000382205	0.000816486	0.833567   	-0.0579102 
  2.7558  	-0.0568971 	0.000593107	0.000382245	0.000816586	0.83355    	-0.0561429 
  2.7576  	-0.0550655 	0.000593178	0.000382284	0.000816681	0.833534   	-0.0543745 
  2.7594  	-0.0532349 	0.000593245	0.00038232 	0.000816771	0.833519   	-0.0526051 
  2.7612  	-0.0514054 	0.000593309	0.000382355	0.000816857	0.833505   	-0.0508346 
  2.763   	-0.0495769 	0.000593369	0.000382387	0.000816938	0.833491   	-0.0490631 
  2.7648  	-0.0477494 	0.000593427	0.000382419	0.000817016	0.833478   	-0.0472906 
  2.7666  	-0.045923  	0.000593482	0.000382448	0.000817089	0.833466   	-0.045517  
  2.7684  	-0.0440977 	0.000593534	0.000382476	0.000817159	0.833454   	-0.0437423 
  2.7702  	-0.0422733 	0.000593583	0.000382502	0.000817225	0.833443   	-0.0419667 
  2.772   	-0.0404501 	0.000593629	0.000382527	0.000817287	0.833433   	-0.0401899 
  2.7738  	-0.0386278 	0.000593673	0.00038255 	0.000817346	0.833423   	-0.0384122 
  2.7756  	-0.0368066 	0.000593714	0.000382572	0.000817401	0.833414   	-0.0366334 
  2.7774  	-0.0349865 	0.000593753	0.000382592	0.000817453	0.833405   	-0.0348535 
  2.7792  	-0.0331673 	0.00059379 	0.000382611	0.000817502	0.833397   	-0.0330727 
  2.781   	-0.0313492 	0.000593824	0.000382629	0.000817548	0.83339    	-0.0312908 
  2.7828  	-0.0295322 	0.000593856	0.000382646	0.00081759 	0.833383   	-0.0295078 
  2.7846  	-0.0277161 	0.000593885	0.000382662	0.00081763 	0.833376   	-0.0277239 
  2.7864  	-0.0259011 	0.000593913	0.000382676	0.000817667	0.83337    	-0.0259389 
  2.7882  	-0.0240871 	0.000593938	0.000382689	0.000817701	0.833365   	-0.0241529 
  2.79    	-0.0222741 	0.000593962	0.000382701	0.000817732	0.83336    	-0.0223659 
  2.7918  	-0.0204622 	0.000593983	0.000382712	0.000817761	0.833355   	-0.0205778 
  2.7936  	-0.0186513 	0.000594002	0.000382723	0.000817787	0.833351   	-0.0187887 
  2.7954  	-0.0168413 	0.00059402 	0.000382732	0.00081781 	0.833347   	-0.0169987 
  2.7972  	-0.0150324 	0.000594036	0.00038274 	0.000817831	0.833344   	-0.0152076 
  2.799   	-0.0132246 	0.000594049	0.000382747	0.00081785 	0.833341   	-0.0134154 
  2.8008  	-0.0114177 	0.000594061	0.000382753	0.000817866	0.833339   	-0.0116223 
  2.8026  	-0.00961182	0.000594072	0.000382758	0.000817879	0.833336   	-0.00982818
  2.8044  	-0.00780697	0.00059408 	0.000382763	0.00081789 	0.833335   	-0.00803303
  2.8062  	-0.00600313	0.000594087	0.000382766	0.000817899	0.833333   	-0.00623687
  2.808   	-0.00420029	0.000594091	0.000382768	0.000817906	0.833332   	-0.00443971
  2.8098  	-0.00239845	0.000594095	0.00038277 	0.00081791 	0.833331   	-0.00264155
  2.8116  	-0.000597621	0.000594096	0.000382771	0.000817912	0.833331   	-0.000842379
  2.8134  	0.00120221 	0.000594096	0.000382771	0.000817911	0.833331   	0.00120221 
  2.8152  	0.00300104 	0.000594094	0.00038277 	0.000817909	0.833332   	0.00300104 
  2.817   	0.00479888 	0.00059409 	0.000382768	0.000817904	0.833332   	0.00479888 
  2.8188  	0.00659572 	0.000594085	0.000382765	0.000817897	0.833334   	0.00659572 
  2.8206  	0.00839157 	0.000594077	0.000382761	0.000817887	0.833335   	0.00839157 
  2.8224  	0.0101864  	0.000594069	0.000382757	0.000817875	0.833337   	0.0101864  
  2.8242  	0.0119803  	0.000594058	0.000382751	0.000817861	0.833339   	0.0119803  
  2.826   	0.0137732  	0.000594045	0.000382745	0.000817844	0.833342   	0.0137732  
  2.8278  	0.015565   	0.000594031	0.000382737	0.000817825	0.833345   	0.015565   
  2.8296  	0.0173559  	0.000594015	0.000382729	0.000817804	0.833348   	0.0173559  
  2.8314  	0.0191459  	0.000593997	0.00038272 	0.00081778 	0.833352   	0.0191459  
  2.8332  	0.0209348  	0.000593978	0.00038271 	0.000817754	0.833356   	0.0209348  
  2.835   	0.0227228  	0.000593956	0.000382698	0.000817725	0.833361   	0.0227228  
  2.8368  	0.0245097  	0.000593933	0.000382686	0.000817693	0.833366   	0.0245097  
  2.8386  	0.0262957  	0.000593907	0.000382673	0.000817659	0.833372   	0.0262957  
  2.8404  	0.0280807  	0.000593879	0.000382659	0.000817622	0.833378   	0.0280807  
  2.8422  	0.0298648  	0.00059385 	0.000382643	0.000817583	0.833384   	0.0298648  
  2.844   	0.0316479  	0.000593818	0.000382626	0.00081754 	0.833391   	0.0316479  
  2.8458  	0.03343    	0.000593784	0.000382609	0.000817495	0.833398   	0.03343    
  2.8476  	0.0352111  	0.000593748	0.00038259 	0.000817447	0.833406   	0.0352111  
  2.8494  	0.0369913  	0.00059371 	0.00038257 	0.000817396	0.833415   	0.0369913  
  2.8512  	0.0387705  	0.00059367 	0.000382548	0.000817341	0.833424   	0.0387705  
  2.853   	0.0405487  	0.000593627	0.000382525	0.000817284	0.833433   	0.0405487  
  2.8548  	0.042326   	0.000593581	0.000382501	0.000817223	0.833443   	0.042326   
  2.8566  	0.0441023  	0.000593534	0.000382476	0.000817159	0.833454   	0.0441023  
  2.8584  	0.0458776  	0.000593483	0.000382449	0.000817091	0.833465   	0.0458776  
  2.8602  	0.047652   	0.00059343 	0.00038242 	0.00081702 	0.833477   	0.047652   
  2.862   	0.0494255  	0.000593374	0.00038239 	0.000816945	0.83349    	0.0494255  
  2.8638  	0.0511979  	0.000593316	0.000382359	0.000816866	0.833503   	0.0511979  
  2.8656  	0.0529695  	0.000593254	0.000382325	0.000816784	0.833517   	0.0529695  
  2.8674  	0.05474    	0.00059319 	0.00038229 	0.000816697	0.833532   	0.05474    
  2.8692  	0.0565097  	0.000593122	0.000382254	0.000816606	0.833547   	0.0565097  
  2.871   	0.0582783  	0.000593052	0.000382215	0.000816511	0.833563   	0.0582783  
  2.8728  	0.0600461  	0.000592978	0.000382175	0.000816412	0.83358    	0.0600461  
  2.8746  	0.0618128  	0.000592901	0.000382133	0.000816308	0.833598   	0.0618128  
  2.8764  	0.0635787  	0.000592821	0.000382088	0.0008162  	0.833616   	0.0635787  
  2.8782  	0.0653436  	0.000592737	0.000382042	0.000816087	0.833636   	0.0653436  
  2.88    	0.0671075  	0.000592649	0.000381994	0.000815969	0.833656   	0.0671075  
  2.8818  	0.0688705  	0.000592558	0.000381943	0.000815846	0.833678   	0.0688705  
  2.8836  	0.0706326  	0.000592463	0.00038189 	0.000815717	0.8337     	0.0706326  
  2.8854  	0.0723937  	0.000592364	0.000381835	0.000815584	0.833723   	0.0723937  
  2.8872  	0.0741539  	0.000592261	0.000381778	0.000815445	0.833747   	0.0741539  
  2.889   	0.0759132  	0.000592153	0.000381718	0.0008153  	0.833773   	0.0759132  
  2.8908  	0.0776716  	0.000592042	0.000381655	0.000815149	0.833799   	0.0776716  
  2.8926  	0.079429   	0.000591926	0.00038159 	0.000814993	0.833827   	0.079429   
  2.8944  	0.0811854  	0.000591806	0.000381522	0.00081483 	0.833856   	0.0811854  
  2.8962  	0.082941   	0.000591681	0.000381451	0.000814661	0.833886   	0.082941   
  2.898   	0.0846956  	0.000591551	0.000381378	0.000814486	0.833917   	0.0846956  
  2.8998  	0.0864493  	0.000591416	0.000381301	0.000814304	0.833949   	0.0864493  
  2.9016  	0.0882021  	0.000591277	0.000381222	0.000814115	0.833983   	0.0882021  
  2.9034  	0.089954   	0.000591132	0.000381139	0.000813919	0.834018   	0.089954   
  2.9052  	0.0917049  	0.000590982	0.000381054	0.000813716	0.834054   	0.0917049  
  2.907   	0.0934549  	0.000590826	0.000380964	0.000813505	0.834092   	0.0934549  
  2.9088  	0.095204   	0.000590665	0.000380872	0.000813287	0.834131   	0.095204   
  2.9106  	0.0969522  	0.000590499	0.000380776	0.000813061	0.834172   	0.0969522  
  2.9124  	0.0986995  	0.000590326	0.000380677	0.000812827	0.834215   	0.0986995  
  2.9142  	0.100446   	0.000590148	0.000380573	0.000812585	0.834259   	0.100446   
  2.916   	0.102191   	0.000589963	0.000380466	0.000812335	0.834304   	0.102191   
  2.9178  	0.103936   	0.000589772	0.000380356	0.000812076	0.834351   	0.103936   
  2.9196  	0.105679   	0.000589575	0.000380241	0.000811808	0.8344     	0.105679   
  2.9214  	0.107422   	0.000589371	0.000380122	0.000811531	0.834451   	0.107422   
  2.9232  	0.109164   	0.00058916 	0.000379999	0.000811245	0.834503   	0.109164   
  2.925   	0.110905   	0.000588942	0.000379872	0.000810949	0.834558   	0.110905   
  2.9268  	0.112645   	0.000588717	0.00037974 	0.000810644	0.834614   	0.112645   
  2.9286  	0.114384   	0.000588485	0.000379604	0.000810329	0.834672   	0.114384   
  2.9304  	0.116122   	0.000588246	0.000379463	0.000810003	0.834732   	0.116122   
  2.9322  	0.11786    	0.000587999	0.000379318	0.000809667	0.834794   	0.11786    
  2.934   	0.119596   	0.000587744	0.000379167	0.000809321	0.834859   	0.119596   
  2.9358  	0.121332   	0.000587481	0.000379012	0.000808964	0.834925   	0.121332   
  2.9376  	0.123066   	0.00058721 	0.000378852	0.000808595	0.834994   	0.123066   
  2.9394  	0.1248     	0.000586931	0.000378687	0.000808216	0.835064   	0.1248     
  2.9412  	0.126533   	0.000586644	0.000378516	0.000807824	0.835137   	0.126533   
  2.943   	0.128265   	0.000586347	0.00037834 	0.000807421	0.835213   	0.128265   
  2.9448  	0.129996   	0.000586042	0.000378158	0.000807006	0.835291   	0.129996   
  2.9466  	0.131726   	0.000585728	0.000377971	0.000806578	0.835371   	0.131726   
  2.9484  	0.133455   	0.000585405	0.000377778	0.000806138	0.835454   	0.133455   
  2.9502  	0.135184   	0.000585072	0.000377579	0.000805685	0.835539   	0.135184   
  2.952   	0.136911   	0.00058473 	0.000377374	0.000805218	0.835627   	0.136911   
  2.9538  	0.138638   	0.000584378	0.000377163	0.000804739	0.835717   	0.138638   
  2.9556  	0.140364   	0.000584016	0.000376946	0.000804245	0.835811   	0.140364   
  2.9574  	0.142089   	0.000583643	0.000376722	0.000803738	0.835907   	0.142089   
  2.9592  	0.143813   	0.000583261	0.000376492	0.000803216	0.836005   	0.143813   
  2.961   	0.145536   	0.000582868	0.000376255	0.00080268 	0.836107   	0.145536   
  2.9628  	0.147258   	0.000582464	0.000376011	0.000802129	0.836212   	0.147258   
  2.9646  	0.14898    	0.000582049	0.000375761	0.000801563	0.83632    	0.14898    
  2.9664  	0.1507     	0.000581622	0.000375503	0.000800982	0.83643    	0.1507     
  2.9682  	0.15242    	0.000581185	0.000375238	0.000800385	0.836544   	0.15242    
  2.97    	0.154139   	0.000580736	0.000374966	0.000799772	0.836661   	0.154139   
  2.9718  	0.155856   	0.000580275	0.000374686	0.000799142	0.836782   	0.155856   
  2.9736  	0.157574   	0.000579801	0.000374399	0.000798496	0.836905   	0.157574   
  2.9754  	0.15929    	0.000579316	0.000374104	0.000797834	0.837032   	0.15929    
  2.9772  	0.161005   	0.000578818	0.000373801	0.000797154	0.837163   	0.161005   
  2.979   	0.16272    	0.000578308	0.00037349 	0.000796457	0.837296   	0.16272    
  2.9808  	0.164433   	0.000577784	0.000373171	0.000795742	0.837434   	0.164433   
  2.9826  	0.166146   	0.000577247	0.000372843	0.000795008	0.837575   	0.166146   
  2.9844  	0.167858   	0.000576697	0.000372507	0.000794257	0.83772    	0.167858   
  2.9862  	0.169569   	0.000576134	0.000372162	0.000793487	0.837868   	0.169569   
  2.988   	0.171279   	0.000575556	0.000371809	0.000792697	0.838021   	0.171279   
  2.9898  	0.172988   	0.000574964	0.000371446	0.000791889	0.838177   	0.172988   
  2.9916  	0.174697   	0.000574359	0.000371075	0.000791061	0.838337   	0.174697   
  2.9934  	0.176405   	0.000573738	0.000370694	0.000790212	0.838501   	0.176405   
  2.9952  	0.178111   	0.000573103	0.000370304	0.000789344	0.83867    	0.178111   
  2.997   	0.179817   	0.000572453	0.000369904	0.000788455	0.838842   	0.179817   
  2.9988  	0.181523   	0.000571787	0.000369495	0.000787544	0.839019   	0.181523   
  3.0006  	0.183227   	0.000571106	0.000369075	0.000786613	0.8392     	0.183227   
  3.0024  	0.18493    	0.000570409	0.000368646	0.00078566 	0.839385   	0.18493    
  3.0042  	0.186633   	0.000569696	0.000368206	0.000784685	0.839575   	0.186633   
  3.006   	0.188335   	0.000568967	0.000367756	0.000783687	0.839769   	0.188335   
  3.0078  	0.190035   	0.000568222	0.000367296	0.000782667	0.839968   	0.190035   
  3.0096  	0.191736   	0.000567459	0.000366824	0.000781624	0.840171   	0.191736   
  3.0114  	0.193435   	0.00056668 	0.000366342	0.000780557	0.84038    	0.193435   
  3.0132  	0.195133   	0.000565884	0.000365849	0.000779467	0.840593   	0.195133   
  3.015   	0.196831   	0.00056507 	0.000365345	0.000778353	0.84081    	0.196831   
  3.0168  	0.198527   	0.000564238	0.000364829	0.000777214	0.841033   	0.198527   
  3.0186  	0.200223   	0.000563388	0.000364302	0.00077605 	0.841261   	0.200223   
  3.0204  	0.201918   	0.00056252 	0.000363763	0.000774862	0.841494   	0.201918   
  3.0222  	0.203613   	0.000561633	0.000363212	0.000773647	0.841732   	0.203613   
  3.024   	0.205306   	0.000560728	0.000362649	0.000772407	0.841976   	0.205306   
  3.0258  	0.206999   	0.000559803	0.000362074	0.000771141	0.842224   	0.206999   
  3.0276  	0.20869    	0.000558859	0.000361486	0.000769848	0.842478   	0.20869    
  3.0294  	0.210381   	0.000557896	0.000360886	0.000768528	0.842738   	0.210381   
  3.0312  	0.212071   	0.000556913	0.000360273	0.000767181	0.843003   	0.212071   
  3.033   	0.213761   	0.000555909	0.000359648	0.000765806	0.843274   	0.213761   
  3.0348  	0.215449   	0.000554885	0.000359009	0.000764402	0.84355    	0.215449   
  3.0366  	0.217137   	0.000553841	0.000358356	0.000762971	0.843832   	0.217137   
  3.0384  	0.218824   	0.000552775	0.000357691	0.00076151 	0.844121   	0.218824   
  3.0402  	0.22051    	0.000551688	0.000357011	0.000760021	0.844415   	0.22051    
  3.042   	0.222195   	0.00055058 	0.000356318	0.000758501	0.844715   	0.222195   
  3.0438  	0.223879   	0.00054945 	0.000355611	0.000756952	0.845021   	0.223879   
  3.0456  	0.225563   	0.000548297	0.000354889	0.000755372	0.845333   	0.225563   
  3.0474  	0.227246   	0.000547123	0.000354153	0.000753762	0.845652   	0.227246   
  3.0492  	0.228928   	0.000545926	0.000353403	0.00075212 	0.845977   	0.228928   
  3.051   	0.230609   	0.000544705	0.000352637	0.000750447	0.846308   	0.230609   
  3.0528  	0.232289   	0.000543462	0.000351857	0.000748741	0.846646   	0.232289   
  3.0546  	0.233969   	0.000542195	0.000351062	0.000747004	0.846991   	0.233969   
  3.0564  	0.235648   	0.000540904	0.000350251	0.000745233	0.847342   	0.235648   
  3.0582  	0.237326   	0.000539589	0.000349424	0.000743429	0.8477     	0.237326   
  3.06    	0.239003   	0.00053825 	0.000348582	0.000741592	0.848065   	0.239003   
  3.0618  	0.240679   	0.000536886	0.000347724	0.000739721	0.848437   	0.240679   
  3.0636  	0.242355   	0.000535497	0.00034685 	0.000737815	0.848816   	0.242355   
  3.0654  	0.244029   	0.000534083	0.00034596 	0.000735875	0.849202   	0.244029   
  3.0672  	0.245703   	0.000532643	0.000345052	0.000733899	0.849595   	0.245703   
  3.069   	0.247377   	0.000531178	0.000344129	0.000731888	0.849996   	0.247377   
  3.0708  	0.249049   	0.000529686	0.000343188	0.00072984 	0.850404   	0.249049   
  3.0726  	0.25072    	0.000528168	0.00034223 	0.000727757	0.850819   	0.25072    
  3.0744  	0.252391   	0.000526623	0.000341255	0.000725636	0.851242   	0.252391   
  3.0762  	0.254061   	0.000525051	0.000340262	0.000723478	0.851673   	0.254061   
  3.078   	0.25573    	0.000523451	0.000339252	0.000721282	0.852111   	0.25573    
  3.0798  	0.257399   	0.000521824	0.000338223	0.000719048	0.852557   	0.257399   
  3.0816  	0.259067   	0.000520169	0.000337177	0.000716776	0.853011   	0.259067   
  3.0834  	0.260733   	0.000518485	0.000336112	0.000714464	0.853473   	0.260733   
  3.0852  	0.262399   	0.000516773	0.000335028	0.000712113	0.853943   	0.262399   
  3.087   	0.264065   	0.000515032	0.000333926	0.000709723	0.854422   	0.264065   
  3.0888  	0.265729   	0.000513262	0.000332805	0.000707292	0.854908   	0.265729   
  3.0906  	0.267393   	0.000511462	0.000331664	0.00070482 	0.855403   	0.267393   
  3.0924  	0.269056   	0.000509633	0.000330504	0.000702307	0.855907   	0.269056   
  3.0942  	0.270718   	0.000507773	0.000329325	0.000699752	0.856418   	0.270718   
  3.096   	0.27238    	0.000505882	0.000328125	0.000697156	0.856939   	0.27238    
  3.0978  	0.27404    	0.000503961	0.000326906	0.000694516	0.857468   	0.27404    
  3.0996  	0.2757     	0.000502009	0.000325667	0.000691834	0.858007   	0.2757     
  3.1014  	0.277359   	0.000500025	0.000324406	0.000689109	0.858554   	0.277359   
  3.1032  	0.279017   	0.00049801 	0.000323126	0.00068634 	0.85911    	0.279017   
  3.105   	0.280675   	0.000495962	0.000321824	0.000683526	0.859675   	0.280675   
  3.1068  	0.282332   	0.000493882	0.000320501	0.000680668	0.86025    	0.282332   
  3.1086  	0.283988   	0.000491769	0.000319157	0.000677765	0.860833   	0.283988   
  3.1104  	0.285643   	0.000489623	0.000317792	0.000674816	0.861427   	0.285643   
  3.1122  	0.287297   	0.000487444	0.000316404	0.000671821	0.862029   	0.287297   
  3.114   	0.288951   	0.000485231	0.000314995	0.000668779	0.862642   	0.288951   
  3.1158  	0.290604   	0.000482984	0.000313563	0.000665691	0.863264   	0.290604   
  3.1176  	0.292256   	0.000480702	0.000312109	0.000662555	0.863895   	0.292256   
  3.1194  	0.293908   	0.000478386	0.000310632	0.000659371	0.864537   	0.293908   
  3.1212  	0.295558   	0.000476035	0.000309133	0.000656138	0.865189   	0.295558   
  3.123   	0.297208   	0.000473648	0.00030761 	0.000652857	0.865851   	0.297208   
  3.1248  	0.298857   	0.000471226	0.000306064	0.000649527	0.866523   	0.298857   
  3.1266  	0.300506   	0.000468768	0.000304495	0.000646147	0.867205   	0.300506   
  3.1284  	0.302153   	0.000466273	0.000302901	0.000642717	0.867897   	0.302153   
  3.1302  	0.3038     	0.000463741	0.000301284	0.000639236	0.8686     	0.3038     
  3.132   	0.305446   	0.000461173	0.000299642	0.000635704	0.869314   	0.305446   
  3.1338  	0.307092   	0.000458567	0.000297976	0.00063212 	0.870039   	0.307092   
  3.1356  	0.308736   	0.000455923	0.000296285	0.000628484	0.870774   	0.308736   
  3.1374  	0.31038    	0.000453241	0.000294569	0.000624796	0.87152    	0.31038    
  3.1392  	0.312023   	0.000450521	0.000292828	0.000621054	0.872277   	0.312023   
  3.141   	0.313666   	0.000447762	0.000291062	0.000617259	0.873045   	0.313666   
  3.1428  	0.315307   	0.000444963	0.00028927 	0.00061341 	0.873824   	0.315307   
  3.1446  	0.316948   	0.000442126	0.000287452	0.000609507	0.874615   	0.316948   
  3.1464  	0.318589   	0.000439248	0.000285608	0.000605549	0.875417   	0.318589   
  3.1482  	0.320228   	0.000436331	0.000283738	0.000601535	0.876231   	0.320228   
  3.15    	0.321867   	0.000433373	0.000281841	0.000597465	0.877056   	0.321867   
  3.1518  	0.323505   	0.000430374	0.000279918	0.000593339	0.877893   	0.323505   
  3.1536  	0.325142   	0.000427334	0.000277967	0.000589156	0.878741   	0.325142   
  3.1554  	0.326778   	0.000424252	0.000275989	0.000584916	0.879602   	0.326778   
  3.1572  	0.328414   	0.000421128	0.000273983	0.000580618	0.880475   	0.328414   
  3.159   	0.330049   	0.000417962	0.00027195 	0.000576261	0.881359   	0.330049   
  3.1608  	0.331683   	0.000414754	0.000269889	0.000571846	0.882257   	0.331683   
  3.1626  	0.333317   	0.000411502	0.000267799	0.000567371	0.883166   	0.333317   
  3.1644  	0.33495    	0.000408208	0.000265681	0.000562836	0.884088   	0.33495    
  3.1662  	0.336582   	0.000404869	0.000263535	0.000558242	0.885022   	0.336582   
  3.168   	0.338213   	0.000401487	0.000261359	0.000553586	0.885969   	0.338213   
  3.1698  	0.339844   	0.00039806 	0.000259154	0.000548869	0.886929   	0.339844   
  3.1716  	0.341473   	0.000394588	0.00025692 	0.00054409 	0.887902   	0.341473   
  3.1734  	0.343103   	0.000391072	0.000254655	0.000539249	0.888887   	0.343103   
  3.1752  	0.344731   	0.00038751 	0.000252361	0.000534346	0.889886   	0.344731   
  3.177   	0.346359   	0.000383902	0.000250037	0.000529378	0.890898   	0.346359   
  3.1788  	0.347986   	0.000380248	0.000247682	0.000524348	0.891924   	0.347986   
  3.1806  	0.349612   	0.000376547	0.000245297	0.000519252	0.892962   	0.349612   
  3.1824  	0.351237   	0.000372799	0.000242881	0.000514092	0.894015   	0.351237   
  3.1842  	0.352862   	0.000369005	0.000240433	0.000508867	0.895081   	0.352862   
  3.186   	0.354486   	0.000365162	0.000237954	0.000503576	0.89616    	0.354486   
  3.1878  	0.35611    	0.000361272	0.000235444	0.000498219	0.897254   	0.35611    
  3.1896  	0.357732   	0.000357333	0.000232901	0.000492794	0.898361   	0.357732   
  3.1914  	0.359354   	0.000353345	0.000230326	0.000487303	0.899483   	0.359354   
  3.1932  	0.360976   	0.000349309	0.000227719	0.000481743	0.900619   	0.360976   
  3.195   	0.362596   	0.000345222	0.000225079	0.000476115	0.901769   	0.362596   
  3.1968  	0.364216   	0.000341087	0.000222406	0.000470419	0.902934   	0.364216   
  3.1986  	0.365835   	0.0003369  	0.0002197  	0.000464653	0.904113   	0.365835   
  3.2004  	0.367454   	0.000332664	0.00021696 	0.000458817	0.905306   	0.367454   
  3.2022  	0.369071   	0.000328376	0.000214187	0.00045291 	0.906515   	0.369071   
  3.204   	0.370688   	0.000324037	0.00021138 	0.000446933	0.907738   	0.370688   
  3.2058  	0.372304   	0.000319647	0.000208538	0.000440884	0.908977   	0.372304   
  3.2076  	0.37392    	0.000315204	0.000205662	0.000434764	0.91023    	0.37392    
  3.2094  	0.375535   	0.000310709	0.000202751	0.000428571	0.911499   	0.375535   
  3.2112  	0.377149   	0.000306161	0.000199805	0.000422304	0.912783   	0.377149   
  3.213   	0.378763   	0.00030156 	0.000196824	0.000415965	0.914082   	0.378763   
  3.2148  	0.380375   	0.000296905	0.000193808	0.000409551	0.915397   	0.380375   
  3.2166  	0.381987   	0.000292197	0.000190755	0.000403063	0.916728   	0.381987   
  3.2184  	0.383599   	0.000287434	0.000187667	0.000396499	0.918074   	0.383599   
  3.2202  	0.385209   	0.000282616	0.000184542	0.00038986 	0.919437   	0.385209   
  3.222   	0.386819   	0.000277744	0.000181381	0.000383145	0.920815   	0.386819   
  3.2238  	0.388429   	0.000272816	0.000178183	0.000376354	0.92221    	0.388429   
  3.2256  	0.390037   	0.000267832	0.000174948	0.000369485	0.923621   	0.390037   
  3.2274  	0.391645   	0.000262792	0.000171675	0.000362538	0.925048   	0.391645   
  3.2292  	0.393252   	0.000257696	0.000168365	0.000355513	0.926491   	0.393252   
  3.231   	0.394859   	0.000252542	0.000165017	0.000348409	0.927952   	0.394859   
  3.2328  	0.396465   	0.000247331	0.00016163 	0.000341226	0.929429   	0.396465   
  3.2346  	0.39807    	0.000242063	0.000158206	0.000333963	0.930922   	0.39807    
  3.2364  	0.399674   	0.000236736	0.000154742	0.00032662 	0.932433   	0.399674   
  3.2382  	0.401278   	0.000231351	0.00015124 	0.000319196	0.933961   	0.401278   
  3.24    	0.402881   	0.000225907	0.000147698	0.00031169 	0.935506   	0.402881   
  3.2418  	0.404483   	0.000220404	0.000144117	0.000304103	0.937068   	0.404483   
  3.2436  	0.406085   	0.000214842	0.000140496	0.000296433	0.938648   	0.406085   
  3.2454  	0.407686   	0.000209219	0.000136835	0.00028868 	0.940245   	0.407686   
  3.2472  	0.409287   	0.000203536	0.000133134	0.000280843	0.94186    	0.409287   
  3.249   	0.410886   	0.000197792	0.000129392	0.000272922	0.943493   	0.410886   
  3.2508  	0.412485   	0.000191987	0.000125609	0.000264917	0.945144   	0.412485   
  3.2526  	0.414084   	0.00018612 	0.000121786	0.000256826	0.946813   	0.414084   
  3.2544  	0.415681   	0.000180191	0.00011792 	0.00024865 	0.948499   	0.415681   
  3.2562  	0.417278   	0.0001742  	0.000114013	0.000240387	0.950205   	0.417278   
  3.258   	0.418874   	0.000168147	0.000110065	0.000232037	0.951928   	0.418874   
  3.2598  	0.42047    	0.00016203 	0.000106074	0.000223601	0.95367    	0.42047    
  3.2616  	0.422065   	0.00015585 	0.00010204 	0.000215076	0.955431   	0.422065   
  3.2634  	0.423659   	0.000149606	9.79639e-05	0.000206463	0.95721    	0.423659   
  3.2652  	0.425253   	0.000143298	9.38445e-05	0.00019776 	0.959009   	0.425253   
  3.267   	0.426846   	0.000136925	8.96819e-05	0.000188969	0.960826   	0.426846   
  3.2688  	0.428438   	0.000130487	8.54757e-05	0.000180087	0.962662   	0.428438   
  3.2706  	0.430029   	0.000123983	8.12256e-05	0.000171115	0.964518   	0.430029   
  3.2724  	0.43162    	0.000117414	7.69313e-05	0.000162051	0.966393   	0.43162    
  3.2742  	0.433211   	0.000110778	7.25926e-05	0.000152896	0.968288   	0.433211   
  3.276   	0.4348     	0.000104076	6.82092e-05	0.000143648	0.970202   	0.4348     
  3.2778  	0.436389   	9.7307e-05 	6.37809e-05	0.000134308	0.972136   	0.436389   
  3.2796  	0.437977   	9.04705e-05	5.93072e-05	0.000124874	0.97409    	0.437977   
  3.2814  	0.439565   	8.35662e-05	5.4788e-05 	0.000115346	0.976063   	0.439565   
  3.2832  	0.441152   	7.65937e-05	5.0223e-05 	0.000105724	0.978057   	0.441152   
  3.285   	0.442738   	6.95526e-05	4.56119e-05	9.60069e-05	0.980071   	0.442738   
  3.2868  	0.444324   	6.24425e-05	4.09544e-05	8.61942e-05	0.982106   	0.444324   
  3.2886  	0.445909   	5.52631e-05	3.62502e-05	7.62853e-05	0.984161   	0.445909   
  3.2904  	0.447493   	4.80139e-05	3.14991e-05	6.62798e-05	0.986237   	0.447493   
  3.2922  	0.449077   	4.06946e-05	2.67007e-05	5.61771e-05	0.988333   	0.449077   
  3.294   	0.45066    	3.33047e-05	2.18549e-05	4.59765e-05	0.99045    	0.45066    
  3.2958  	0.452242   	2.58439e-05	1.69612e-05	3.56777e-05	0.992588   	0.452242   
  3.2976  	0.453824   	1.83117e-05	1.20194e-05	2.52799e-05	0.994748   	0.453824   
  3.2994  	0.455405   	1.07077e-05	7.02925e-06	1.47827e-05	0.996928   	0.455405   
  3.3012  	0.456985   	3.03166e-06	1.99044e-06	4.18548e-06	0.99913    	0.456985   
  3.303   	0          	0          	0          	0          	1          	0          
  3.3048  	0          	0          	0          	0          	1          	0          
  3.3066  	0          	0          	0          	0          	1          	0          
  3.3084  	0          	0          	0          	0          	1          	0          
  3.3102  	0          	0          	0          	0          	1          	0          
  3.312   	0          	0          	0          	0          	1          	0          
  3.3138  	0          	0          	0          	0          	1          	0          
  3.3156  	0          	0          	0          	0          	1          	0          
  3.3174  	0          	0          	0          	0          	1          	0          
  3.3192  	0          	0          	0          	0          	1          	0          
  3.321   	0          	0          	0          	0          	1          	0          
  3.3228  	0          	0          	0          	0          	1          	0          
  3.3246  	0          	0          	0          	0          	1          	0          
  3.3264  	0          	0          	0          	0          	1          	0          
  3.3282  	0          	0          	0          	0          	1          	0          
  3.33    	0          	0          	0          	0          	1          	0          
  3.3318  	0          	0          	0          	0          	1          	0          
  3.3336  	0          	0          	0          	0          	1          	0          
  3.3354  	0          	0          	0          	0          	1          	0          
  3.3372  	0          	0          	0          	0          	1          	0          
  3.339   	0          	0          	0          	0          	1          	0          
  3.3408  	0          	0          	0          	0          	1          	0          
  3.3426  	0          	0          	0          	0          	1          	0          
  3.3444  	0          	0          	0          	0          	1          	0          
  3.3462  	0          	0          	0          	0          	1          	0          
  3.348   	0          	0          	0          	0          	1          	0          
  3.3498  	0          	0          	0          	0          	1          	0          
  3.3516  	0          	0          	0          	0          	1          	0          
  3.3534  	0          	0          	0          	0          	1          	0          
  3.3552  	0          	0          	0          	0          	1          	0          
  3.357   	0          	0          	0          	0          	1          	0          
  3.3588  	0          	0          	0          	0          	1          	0          
  3.3606  	0          	0          	0          	0          	1          	0          
  3.3624  	0          	0          	0          	0          	1          	0          
  3.3642  	0          	0          	0          	0          	1          	0          
  3.366   	0          	0          	0          	0          	1          	0          
  3.3678  	0          	0          	0          	0          	1          	0          
  3.3696  	0          	0          	0          	0          	1          	0          
  3.3714  	0          	0          	0          	0          	1          	0          
  3.3732  	0          	0          	0          	0          	1          	0          
  3.375   	0          	0          	0          	0          	1          	0          
  3.3768  	0          	0          	0          	0          	1          	0          
  3.3786  	0          	0          	0          	0          	1          	0          
  3.3804  	0          	0          	0          	0          	1          	0          
  3.3822  	0          	0          	0          	0          	1          	0          
  3.384   	0          	0          	0          	0          	1          	0          
  3.3858  	0          	0          	0          	0          	1          	0          
  3.3876  	0          	0          	0          	0          	1          	0          
  3.3894  	0          	0          	0          	0          	1          	0          
  3.3912  	0          	0          	0          	0          	1          	0          
  3.393   	0          	0          	0          	0          	1          	0          
  3.3948  	0          	0          	0          	0          	1          	0          
  3.3966  	0          	0          	0          	0          	1          	0          
  3.3984  	0          	0          	0          	0          	1          	0          
  3.4002  	0          	0          	0          	0          	1          	0          
  3.402   	0          	0          	0          	0          	1          	0          
  3.4038  	0          	0          	0          	0          	1          	0          
  3.4056  	0          	0          	0          	0          	1          	0          
  3.4074  	0          	0          	0          	0          	1          	0          
  3.4092  	0          	0          	0          	0          	1          	0          
  3.411   	0          	0          	0          	0          	1          	0          
  3.4128  	0          	0          	0          	0          	1          	0          
  3.4146  	0          	0          	0          	0          	1          	0          
  3.4164  	0          	0          	0          	0          	1          	0          
  3.4182  	0          	0          	0          	0          	1          	0          
  3.42    	0          	0          	0          	0          	1          	0          
  3.4218  	0          	0          	0          	0          	1          	0          
  3.4236  	0          	0          	0          	0          	1          	0          
  3.4254  	0          	0          	0          	0          	1          	0          
  3.4272  	0          	0          	0          	0          	1          	0          
  3.429   	0          	0          	0          	0          	1          	0          
  3.4308  	0          	0          	0          	0          	1          	0          
  3.4326  	0          	0          	0          	0          	1          	0          
  3.4344  	0          	0          	0          	0          	1          	0          
  3.4362  	0          	0          	0          	0          	1          	0          
  3.438   	0          	0          	0          	0          	1          	0          
  3.4398  	0          	0          	0          	0          	1          	0          
  3.4416  	0          	0          	0          	0          	1          	0          
  3.4434  	0          	0          	0          	0          	1          	0          
  3.4452  	0          	0          	0          	0          	1          	0          
  3.447   	0          	0          	0          	0          	1          	0          
  3.4488  	0          	0          	0          	0          	1          	0          
  3.4506  	0          	0          	0          	0          	1          	0          
  3.4524  	0          	0          	0          	0          	1          	0          
  3.4542  	0          	0          	0          	0          	1          	0          
  3.456   	0          	0          	0          	0          	1          	0          
  3.4578  	0          	0          	0          	0          	1          	0          
  3.4596  	0          	0          	0          	0          	1          	0          
  3.4614  	0          	0          	0          	0          	1          	0          
  3.4632  	0          	0          	0          	0          	1          	0          
  3.465   	0          	0          	0          	0          	1          	0          
  3.4668  	0          	0          	0          	0          	1          	0          
  3.4686  	0          	0          	0          	0          	1          	0          
  3.4704  	0          	0          	0          	0          	1          	0          
  3.4722  	0          	0          	0          	0          	1          	0          
  3.474   	0          	0          	0          	0          	1          	0          
  3.4758  	0          	0          	0          	0          	1          	0          
  3.4776  	0          	0          	0          	0          	1          	0          
  3.4794  	0          	0          	0          	0          	1          	0          
  3.4812  	0          	0          	0          	0          	1          	0          
  3.483   	0          	0          	0          	0          	1          	0          
  3.4848  	0          	0          	0          	0          	1          	0          
  3.4866  	0          	0          	0          	0          	1          	0          
  3.4884  	0          	0          	0          	0          	1          	0          
  3.4902  	0          	0          	0          	0          	1          	0          
  3.492   	0          	0          	0          	0          	1          	0          
  3.4938  	0          	0          	0          	0          	1          	0          
  3.4956  	0          	0          	0          	0          	1          	0          
  3.4974  	0          	0          	0          	0          	1          	0          
  3.4992  	0          	0          	0          	0          	1          	0          
  3.501   	0          	0          	0          	0          	1          	0          
  3.5028  	0          	0          	0          	0          	1          	0          
  3.5046  	0          	0          	0          	0          	1          	0          
  3.5064  	0          	0          	0          	0          	1          	0          
  3.5082  	0          	0          	0          	0          	1          	0          
  3.51    	0          	0          	0          	0          	1          	0          
  3.5118  	0          	0          	0          	0          	1          	0          
  3.5136  	0          	0          	0          	0          	1          	0          
  3.5154  	0          	0          	0          	0          	1          	0          
  3.5172  	0          	0          	0          	0          	1          	0          
  3.519   	0          	0          	0          	0          	1          	0          
  3.5208  	0          	0          	0          	0          	1          	0          
  3.5226  	0          	0          	0          	0          	1          	0          
  3.5244  	0          	0          	0          	0          	1          	0          
  3.5262  	0          	0          	0          	0          	1          	0          
  3.528   	0          	0          	0          	0          	1          	0          
  3.5298  	0          	0          	0          	0          	1          	0          
  3.5316  	0          	0          	0          	0          	1          	0          
  3.5334  	0          	0          	0          	0          	1          	0          
  3.5352  	0          	0          	0          	0          	1          	0          
  3.537   	0          	0          	0          	0          	1          	0          
  3.5388  	0          	0          	0          	0          	1          	0          
  3.5406  	0          	0          	0          	0          	1          	0          
  3.5424  	0          	0          	0          	0          	1          	0          
  3.5442  	0          	0          	0          	0          	1          	0          
  3.546   	0          	0          	0          	0          	1          	0          
  3.5478  	0          	0          	0          	0          	1          	0          
  3.5496  	0          	0          	0          	0          	1          	0          
  3.5514  	0          	0          	0          	0          	1          	0          
  3.5532  	0          	0          	0          	0          	1          	0          
  3.555   	0          	0          	0          	0          	1          	0          
  3.5568  	0          	0          	0          	0          	1          	0          
  3.5586  	0          	0          	0          	0          	1          	0          
  3.5604  	0          	0          	0          	0          	1          	0          
  3.5622  	0          	0          	0          	0          	1          	0          
  3.564   	0          	0          	0          	0          	1          	0          
  3.5658  	0          	0          	0          	0          	1          	0          
  3.5676  	0          	0          	0          	0          	1          	0          
  3.5694  	0          	0          	0          	0          	1          	0          
  3.5712  	0          	0          	0          	0          	1          	0          
  3.573   	0          	0          	0          	0          	1          	0          
  3.5748  	0          	0          	0          	0          	1          	0          
  3.5766  	0          	0          	0          	0          	1          	0          
  3.5784  	0          	0          	0          	0          	1          	0          
  3.5802  	0          	0          	0          	0          	1          	0          
  3.582   	0          	0          	0          	0          	1          	0          
  3.5838  	0          	0          	0          	0          	1          	0          
  3.5856  	0          	0          	0          	0          	1          	0          
  3.5874  	0          	0          	0          	0          	1          	0          
  3.5892  	0          	0          	0          	0          	1          	0          
  3.591   	0          	0          	0          	0          	1          	0          
  3.5928  	0          	0          	0          	0          	1          	0          
  3.5946  	0          	0          	0          	0          	1          	0          
  3.5964  	0          	0          	0          	0          	1          	0          
  3.5982  	0          	0          	0          	0          	1          	0          
  3.6     	0          	0          	0          	0          	1          	0          
